4434
9523
6081
4847
4658
4399
5031
4542
5315
4389
6065
4316
3464
7761
7496
5380
6311
4172
5466
5168
4576
4821
5435
6370
3898
7403
3650
4225
5039
5063
3760
3736
3988
3769
4326
4817
3706
6559
3113
3092
2579
2808
2674
2588
3343
3022
2521
2689
1795
2179
2614
2407
2746
2074
2660
2307
2540
2520
2424
2231
1479
2205
2262
2082
2144
2068
2111
2516
2374
2169
2252
1847
1537
1921
2409
1697
2523
1988
1898
2124
1907
1828
1834
1386
1515
1813
2060
1523
1625
1424
1480
1881
2546
2076
2274
1590
1715
1854
1913
2068
2000
2146
2266
1990
2441
2348
2220
2264
1677
2242
2798
2695
2773
2634
3122
2992
3436
2849
2466
2413
1480
1981
2261
1670
1926
2085
1749
1657
1814
1776
2000
1852
1432
1720
2080
1900
2062
1897
2284
2075
2070
1977
2439
1853
1645
1810
2439
1785
2394
2217
1970
2438
2133
2281
2425
1895
1533
1886
1738
1849
2066
1913
1696
1720
1614
4438
1939
